
\begin{tabular}{lccccccccc}
\hline
Input Validation Bugs & 1.00 & -0.77 & 0.32 & 0.40 & 0.39 & 0.32 & 0.42 & 0.36 & 0.37 & 0.35\\
Security Rest & -0.77 & 1.00 & 0.22 & -0.06 & 0.30 & 0.32 & 0.04 & 0.00 & 0.43 & 0.06\\
Malicious Code & 0.32 & 0.22 & 1.00 & 0.63 & 0.63 & 0.56 & 0.56 & 0.62 & 0.60 & 0.48\\
Style & 0.40 & -0.06 & 0.63 & 1.00 & 0.68 & 0.62 & 0.63 & 0.66 & 0.58 & 0.46\\
Bad Practice & 0.39 & 0.30 & 0.63 & 0.68 & 1.00 & 0.54 & 0.58 & 0.64 & 0.63 & 0.51\\
Correctness & 0.32 & 0.32 & 0.56 & 0.62 & 0.54 & 1.00 & 0.56 & 0.55 & 0.52 & 0.52\\
MT Correctness & 0.42 & 0.04 & 0.56 & 0.63 & 0.58 & 0.56 & 1.00 & 0.56 & 0.56 & 0.49\\
Performance & 0.36 & 0.00 & 0.62 & 0.66 & 0.64 & 0.55 & 0.56 & 1.00 & 0.60 & 0.52\\
i18n & 0.37 & 0.43 & 0.60 & 0.58 & 0.63 & 0.52 & 0.56 & 0.60 & 1.00 & 0.60\\
Experimental & 0.35 & 0.06 & 0.48 & 0.46 & 0.51 & 0.52 & 0.49 & 0.52 & 0.60 & 1.00\\
\hline
\end{tabular}
